4294967278,5
4294967278,4
4294967279,132
4294967279,131
4294967279,130
4294967279,129
4294967279,128
4294967279,127
4294967279,126
4294967279,125
4294967279,124
4294967279,123
4294967279,122
4294967279,121
4294967279,189
4294967279,188
17,4
17,3
17,2
17,1
4294967278,512
4294967279,187
4294967294,187
4294967279,185
16,4
4294967279,184
16,3
16,2
16,1
4294967279,321
4294967279,0
4294967279,183
4294967294,447
4294967278,101
4294967278,99
4294967278,98
4294967279,120
4294967279,119
4294967279,118
4294967279,117
4294967279,116
4294967279,115
4294967279,114
4294967279,113
4294967279,112
4294967279,111
4294967279,110
4294967279,109
4294967279,108
4294967279,107
4294967279,106
4294967279,105
4294967279,104
4294967279,103
4294967279,102
4294967279,101
4294967279,100
4294967279,99
4294967279,98
4294967279,97
4294967279,96
4294967279,95
4294967279,94
4294967279,93
4294967279,92
4294967279,182
4294967279,320
4294967278,319
4294967279,319
4294967278,318
4294967278,317
4294967279,179
15,0
15,6
4294967279,177
15,5
4294967279,176
15,4
15,3
15,2
15,1
4294967278,316
4294967279,175
4294967294,38
4294967294,37
4294967294,40
4294967279,173
4294967279,172
14,4
14,3
14,2
14,1
4294967278,315
4294967279,171
4294967279,169
13,4
4294967279,168
13,3
13,2
13,1
4294967279,318
4294967279,167
4294967279,317
4294967294,467
4294967278,314
4294967279,316
4294967278,313
4294967278,312
4294967279,315
4294967279,276
4294967294,388
4294967294,69
4294967278,311
4294967279,275
4294967278,310
4294967279,314
4294967278,309
4294967278,308
4294967279,313
4294967294,165
4294967294,24
4294967294,113
4294967294,36
4294967294,39
4294967294,115
4294967294,387
4294967294,112
4294967294,167
4294967294,162
4294967294,31
4294967278,117
4294967278,116
4294967278,115
4294967278,114
4294967278,113
4294967278,110
4294967278,109
4294967278,108
4294967278,107
4294967278,106
4294967278,105
4294967279,312
4294967278,307
4294967279,311
4294967278,306
2,2
4294967279,156
4294967294,5
4294967294,898
4294967294,186
4294967294,897
4294967294,41
4294967278,305
4294967294,91
4294967294,90
4294967294,87
4294967294,85
4294967294,84
4294967294,53
4294967294,393
4294967294,392
4294967294,46
4294967294,390
4294967294,389
4294967294,120
4294967294,114
4294967294,2
4294967294,437
4294967294,45
4294967294,44
4294967278,304
4294967279,310
4294967278,119
4294967278,118
4294967294,80
4294967294,75
4294967294,104
4294967294,106
4294967294,169
4294967294,183
4294967294,174
4294967294,173
4294967294,82
4294967294,43
4294967279,309
4294967278,303
2,4
4294967279,308
4294967278,302
11,5
4294967279,307
4294967294,421
4294967294,97
4294967294,30
4294967294,61
4294967294,18
4294967294,127
4294967294,14
4294967294,126
4294967294,20
4294967294,13
4294967279,306
4294967294,7
4294967278,301
4294967278,260
4294967278,0
4294967294,6
4294967279,305
4294967294,12
4294967294,468
4294967294,417
4294967278,132
4294967278,131
4294967278,130
4294967278,129
4294967278,128
4294967278,127
4294967278,126
4294967278,125
4294967278,124
4294967278,123
4294967278,122
4294967278,121
4294967278,120
4294967278,112
4294967278,111
4294967278,104
4294967278,103
4294967278,102
4294967278,100
4294967279,91
4294967279,90
4294967279,89
4294967279,87
4294967279,86
4294967279,85
4294967279,84
4294967279,83
4294967279,82
4294967279,81
4294967279,80
4294967279,79
4294967279,78
4294967279,77
4294967279,76
4294967279,75
4294967279,74
4294967279,73
4294967279,72
4294967279,71
4294967279,70
4294967279,69
4294967279,68
4294967279,67
4294967279,66
4294967279,65
4294967279,64
4294967279,63
4294967279,62
4294967279,61
4294967279,60
4294967279,59
4294967279,58
4294967279,57
4294967279,56
4294967279,55
4294967279,54
4294967279,53
4294967279,52
4294967279,51
4294967279,50
4294967279,49
4294967279,48
4294967279,47
4294967279,46
4294967279,45
4294967279,44
4294967279,43
4294967279,42
4294967279,41
4294967279,40
4294967279,39
4294967279,38
4294967279,36
